 5.38589609e+00, -8.81540275e-02, -8.32280148e-02, -2.18364918e-01,  1.00682239e-03,  2.38306937e-02, -1.33473338e-01,  1.17102290e-03, -5.36942558e+00, -1.65626304e-02,  5.14220889e-04,  2.19557842e-01,  1.00682239e-03,  1.75552051e-01,  1.35651290e-01,  1.00682239e-03,  8.42621892e-04,  2.41396543e-01, -2.15901914e-01,  6.78421390e-04, -1.91898381e-02, -4.01119805e-01,  6.78421390e-04,  1.67506218e-01,  6.78421390e-04,  8.42621892e-04,  2.16766430e-01,  1.17102290e-03,  8.42621892e-04,  4.01163988e-01,
 5.38589609e+00, -8.74972258e-02, -8.43774178e-02, -2.16394515e-01,  8.42621892e-04,  2.35022926e-02, -1.33473338e-01,  8.42621892e-04, -5.36942558e+00, -1.62342294e-02,  6.78421390e-04,  2.17423233e-01,  1.00682239e-03,  1.73745844e-01,  1.35487089e-01,  1.00682239e-03,  1.00682239e-03,  2.39754535e-01, -2.13438909e-01,  8.42621892e-04, -1.93540386e-02, -3.97343200e-01,  3.50020388e-04,  1.66192612e-01,  6.78421390e-04,  8.42621892e-04,  2.14467620e-01,  1.33522340e-03,  8.42621892e-04,  3.97551567e-01,
 5.38589609e+00, -8.65120233e-02, -8.48700190e-02, -2.14588311e-01,  8.42621892e-04,  2.39948942e-02, -1.33309138e-01,  1.00682239e-03, -5.36926137e+00, -1.59058284e-02,  6.78421390e-04,  2.15617025e-01,  1.33522340e-03,  1.72268038e-01,  1.35487089e-01,  1.00682239e-03,  1.17102290e-03,  2.38112527e-01, -2.11140104e-01,  6.78421390e-04, -1.98466401e-02, -3.93894996e-01,  5.14220889e-04,  1.65371609e-01,  6.78421390e-04,  1.00682239e-03,  2.12333010e-01,  1.00682239e-03,  1.00682239e-03,  3.94103347e-01,
 5.38589609e+00, -8.50342195e-02, -8.55268207e-02, -2.12782108e-01,  6.78421390e-04,  2.39948942e-02, -1.33309138e-01,  6.78421390e-04, -5.36942558e+00, -1.60700289e-02,  6.78421390e-04,  2.14303419e-01,  1.17102290e-03,  1.70954432e-01,  1.35487089e-01,  1.00682239e-03,  1.00682239e-03,  2.36634720e-01, -2.08841300e-01,  6.78421390e-04, -1.98466401e-02, -3.90775192e-01,  3.50020388e-04,  1.64714806e-01,  8.42621892e-04,  8.42621892e-04,  2.09869999e-01,  1.00682239e-03,  1.00682239e-03,  3.90655126e-01,
 5.38589609e+00, -8.37206161e-02, -8.56910212e-02, -2.11304305e-01,  1.00682239e-03,  2.41590947e-02, -1.33473338e-01,  8.42621892e-04, -5.36942558e+00, -1.55774275e-02,  6.78421390e-04,  2.12333010e-01,  1.17102290e-03,  1.69476626e-01,  1.35815491e-01,  1.00682239e-03,  1.00682239e-03,  2.34992713e-01, -2.06870896e-01,  6.78421390e-04, -1.96824396e-02, -3.87162787e-01,  5.14220889e-04,  1.64058004e-01,  6.78421390e-04,  6.78421390e-04,  2.07899590e-01,  1.00682239e-03,  8.42621892e-04,  3.87371107e-01,
 5.38589609e+00, -8.22428123e-02, -8.58552216e-02, -2.09826502e-01,  8.42621892e-04,  2.44874958e-02, -1.33637538e-01,  1.00682239e-03, -5.36942558e+00, -1.55774275e-02,  5.14220889e-04,  2.11019404e-01,  1.00682239e-03,  1.68327221e-01,  1.35815491e-01,  1.17102290e-03,  8.42621892e-04,  2.33514906e-01, -2.04900492e-01,  1.00682239e-03, -1.96824396e-02, -3.83878783e-01,  5.14220889e-04,  1.63565402e-01,  8.42621892e-04,  8.42621892e-04,  2.06093382e-01,  1.33522340e-03,  8.42621892e-04,  3.84251289e-01,
 5.38589609e+00, -8.07650084e-02, -8.58552216e-02, -2.08020298e-01,  6.78421390e-04,  2.44874958e-02, -1.33965939e-01,  8.42621892e-04, -5.36942558e+00, -1.54132270e-02,  6.78421390e-04,  2.09377397e-01,  1.00682239e-03,  1.67177817e-01,  1.36143892e-01,  1.17102290e-03,  6.78421390e-04,  2.32037099e-01, -2.02765888e-01,  8.42621892e-04, -1.93540386e-02, -3.80758979e-01,  8.42621892e-04,  1.63237000e-01,  6.78421390e-04,  8.42621892e-04,  2.04122974e-01,  1.33522340e-03,  6.78421390e-04,  3.80967270e-01,
 5.38589609e+00, -7.89588037e-02, -8.58552216e-02, -2.06706696e-01,  8.42621892e-04,  2.48158968e-02, -1.34294340e-01,  1.17102290e-03, -5.36942558e+00, -1.50848260e-02,  8.42621892e-04,  2.07899590e-01,  8.42621892e-04,  1.65700010e-01,  1.36308092e-01,  1.00682239e-03,  8.42621892e-04,  2.30887694e-01, -2.01123884e-01,  1.00682239e-03, -1.93540386e-02, -3.77803375e-01,  6.78421390e-04,  1.62908599e-01,  6.78421390e-04,  8.42621892e-04,  2.02152565e-01,  1.17102290e-03,  1.00682239e-03,  3.78011653e-01,
 5.38589609e+00, -7.74809999e-02, -8.58552216e-02, -2.05393093e-01,  8.42621892e-04,  2.51442979e-02, -1.34294340e-01,  8.42621892e-04, -5.36926137e+00, -1.49206255e-02,  8.42621892e-04,  2.06585985e-01,  1.00682239e-03,  1.64879007e-01,  1.36636494e-01,  1.00682239e-03,  1.00682239e-03,  2.29574088e-01, -1.99153481e-01,  6.78421390e-04, -1.91898381e-02, -3.74519371e-01,  5.14220889e-04,  1.62415997e-01,  8.42621892e-04,  8.42621892e-04,  2.00346357e-01,  1.17102290e-03,  8.42621892e-04,  3.74891835e-01,
 5.38589609e+00, -7.60031960e-02, -8.53626203e-02, -2.04079490e-01,  1.00682239e-03,  2.49800974e-02, -1.34622741e-01,  8.42621892e-04, -5.36942558e+00, -1.49206255e-02,  6.78421390e-04,  2.05272379e-01,  1.00682239e-03,  1.63729602e-01,  1.36636494e-01,  1.17102290e-03,  1.17102290e-03,  2.28096281e-01, -1.97347277e-01,  1.00682239e-03, -1.88614372e-02, -3.71071166e-01,  5.14220889e-04,  1.62580198e-01,  6.78421390e-04,  1.00682239e-03,  1.98540149e-01,  1.00682239e-03,  8.42621892e-04,  3.71936218e-01,
 5.38589609e+00, -7.40327908e-02, -8.53626203e-02, -2.02601687e-01,  8.42621892e-04,  2.51442979e-02, -1.34951142e-01,  1.17102290e-03, -5.36942558e+00, -1.44280241e-02,  6.78421390e-04,  2.03794572e-01,  8.42621892e-04,  1.62744398e-01,  1.37457497e-01,  1.00682239e-03,  1.00682239e-03,  2.27439478e-01, -1.95541073e-01,  8.42621892e-04, -1.85330362e-02, -3.68443962e-01,  6.78421390e-04,  1.62251796e-01,  5.14220889e-04,  1.00682239e-03,  1.96733942e-01,  1.17102290e-03,  1.00682239e-03,  3.68816400e-01,
 5.38589609e+00, -7.20623856e-02, -8.48700190e-02, -2.01616485e-01,  6.78421390e-04,  2.54726989e-02, -1.35607943e-01,  1.00682239e-03, -5.36942558e+00, -1.44280241e-02,  8.42621892e-04,  2.02973569e-01,  8.42621892e-04,  1.61759194e-01,  1.37785898e-01,  1.17102290e-03,  1.00682239e-03,  2.26125872e-01, -1.93734870e-01,  6.78421390e-04, -1.82046352e-02, -3.65159958e-01,  3.50020388e-04,  1.62087596e-01,  6.78421390e-04,  8.42621892e-04,  1.94927734e-01,  8.42621892e-04,  8.42621892e-04,  3.66024985e-01,
 5.38589609e+00, -7.05845817e-02, -8.48700190e-02, -2.00302883e-01,  8.42621892e-04,  2.56368995e-02, -1.35443743e-01,  1.00682239e-03, -5.36942558e+00, -1.40996231e-02,  6.78421390e-04,  2.01495762e-01,  8.42621892e-04,  1.60609790e-01,  1.38114300e-01,  1.00682239e-03,  8.42621892e-04,  2.24812266e-01, -1.92092866e-01,  6.78421390e-04, -1.80404347e-02, -3.62368554e-01,  3.50020388e-04,  1.61759194e-01,  3.50020388e-04,  6.78421390e-04,  1.92957325e-01,  1.17102290e-03,  8.42621892e-04,  3.62740966e-01,
 5.38589609e+00, -6.92709782e-02, -8.48700190e-02, -1.98825080e-01,  8.42621892e-04,  2.58011000e-02, -1.35772143e-01,  1.00682239e-03, -5.36942558e+00, -1.39354226e-02,  6.78421390e-04,  2.00182157e-01,  1.00682239e-03,  1.59624586e-01,  1.37950099e-01,  1.00682239e-03,  1.00682239e-03,  2.23498660e-01, -1.89794061e-01,  6.78421390e-04, -1.80404347e-02, -3.59412950e-01,  5.14220889e-04,  1.61102392e-01,  8.42621892e-04,  8.42621892e-04,  1.90986917e-01,  1.00682239e-03,  6.78421390e-04,  3.59456948e-01,
 5.38589609e+00, -6.81215752e-02, -8.51984199e-02, -1.97347277e-01,  6.78421390e-04,  2.58011000e-02, -1.35607943e-01,  8.42621892e-04, -5.36942558e+00, -1.37712221e-02,  6.78421390e-04,  1.98375949e-01,  1.00682239e-03,  1.58310980e-01,  1.37785898e-01,  1.00682239e-03,  1.00682239e-03,  2.22349255e-01, -1.87987858e-01,  1.00682239e-03, -1.82046352e-02, -3.55964745e-01,  8.42621892e-04,  1.60445589e-01,  5.14220889e-04,  8.42621892e-04,  1.89180709e-01,  1.00682239e-03,  6.78421390e-04,  3.56337130e-01,
 5.38589609e+00, -6.73005730e-02, -8.55268207e-02, -1.95541073e-01,  1.00682239e-03,  2.58011000e-02, -1.35607943e-01,  1.17102290e-03, -5.36942558e+00, -1.36070216e-02,  6.78421390e-04,  1.96898142e-01,  1.00682239e-03,  1.56833174e-01,  1.37457497e-01,  1.17102290e-03,  1.00682239e-03,  2.20707248e-01, -1.85853253e-01,  5.14220889e-04, -1.83688357e-02, -3.53009141e-01,  6.78421390e-04,  1.59788786e-01,  6.78421390e-04,  8.42621892e-04,  1.86881899e-01,  1.00682239e-03,  6.78421390e-04,  3.53053112e-01,
 5.38589609e+00, -6.64795708e-02, -8.58552216e-02, -1.94063270e-01,  8.42621892e-04,  2.59653005e-02, -1.35279542e-01,  8.42621892e-04, -5.36942558e+00, -1.36070216e-02,  6.78421390e-04,  1.95091934e-01,  1.00682239e-03,  1.55683770e-01,  1.37457497e-01,  1.00682239e-03,  1.00682239e-03,  2.19229441e-01, -1.84047050e-01,  8.42621892e-04, -1.85330362e-02, -3.49560936e-01,  6.78421390e-04,  1.59131984e-01,  6.78421390e-04,  1.00682239e-03,  1.85239892e-01,  1.17102290e-03,  8.42621892e-04,  3.49604893e-01,
 5.38589609e+00, -6.56585686e-02, -8.60194220e-02, -1.92257067e-01,  8.42621892e-04,  2.62937016e-02, -1.35279542e-01,  8.42621892e-04, -5.36942558e+00, -1.34428211e-02,  6.78421390e-04,  1.93614128e-01,  8.42621892e-04,  1.54370164e-01,  1.37293296e-01,  8.42621892e-04,  1.00682239e-03,  2.17423233e-01, -1.81748245e-01,  8.42621892e-04, -1.88614372e-02, -3.46441132e-01,  6.78421390e-04,  1.58146780e-01,  5.14220889e-04,  8.42621892e-04,  1.83269484e-01,  1.00682239e-03,  1.00682239e-03,  3.46813477e-01,
 5.38589609e+00, -6.50017668e-02, -8.66762237e-02, -1.90943464e-01,  1.00682239e-03,  2.62937016e-02, -1.34622741e-01,  8.42621892e-04, -5.36942558e+00, -1.32786207e-02,  6.78421390e-04,  1.91807920e-01,  1.00682239e-03,  1.52563957e-01,  1.36964895e-01,  1.00682239e-03,  1.00682239e-03,  2.15945426e-01, -1.79777841e-01,  6.78421390e-04, -1.88614372e-02, -3.43485528e-01,  5.14220889e-04,  1.57325776e-01,  6.78421390e-04,  1.00682239e-03,  1.80806473e-01,  1.17102290e-03,  8.42621892e-04,  3.43529459e-01,
 5.38589609e+00, -6.45091655e-02, -8.70046245e-02, -1.89137260e-01,  8.42621892e-04,  2.64579021e-02, -1.34622741e-01,  6.78421390e-04, -5.36926137e+00, -1.32786207e-02,  5.14220889e-04,  1.90165913e-01,  8.42621892e-04,  1.51250352e-01,  1.36800694e-01,  8.42621892e-04,  1.00682239e-03,  2.14139218e-01, -1.77807436e-01,  6.78421390e-04, -1.90256376e-02, -3.40201523e-01,  5.14220889e-04,  1.56504773e-01,  6.78421390e-04,  8.42621892e-04,  1.79000266e-01,  8.42621892e-04,  6.78421390e-04,  3.40738044e-01,
 5.38589609e+00, -6.41807646e-02, -8.76614262e-02, -1.87495257e-01,  8.42621892e-04,  2.64579021e-02, -1.34294340e-01,  1.00682239e-03, -5.36942558e+00, -1.29502197e-02,  6.78421390e-04,  1.88523906e-01,  1.00682239e-03,  1.49936746e-01,  1.36308092e-01,  1.17102290e-03,  1.17102290e-03,  2.12825612e-01, -1.75672832e-01,  6.78421390e-04, -1.95182391e-02, -3.36917518e-01,  6.78421390e-04,  1.55519569e-01,  6.78421390e-04,  6.78421390e-04,  1.76865657e-01,  1.00682239e-03,  8.42621892e-04,  3.37289825e-01,
 5.38589609e+00, -6.40165642e-02, -8.84824283e-02, -1.85689053e-01,  1.00682239e-03,  2.66221026e-02, -1.33637538e-01,  8.42621892e-04, -5.36942558e+00, -1.27860192e-02,  6.78421390e-04,  1.87046100e-01,  6.78421390e-04,  1.48294740e-01,  1.35815491e-01,  1.00682239e-03,  1.00682239e-03,  2.11019404e-01, -1.73374027e-01,  1.00682239e-03, -2.01750410e-02, -3.33797714e-01,  6.78421390e-04,  1.54370164e-01,  6.78421390e-04,  8.42621892e-04,  1.74895249e-01,  8.42621892e-04,  6.78421390e-04,  3.34498410e-01,
 5.38589609e+00, -6.35239628e-02, -8.88108292e-02, -1.84047050e-01,  1.00682239e-03,  2.64579021e-02, -1.33637538e-01,  8.42621892e-04, -5.36942558e+00, -1.27860192e-02,  8.42621892e-04,  1.85239892e-01,  1.00682239e-03,  1.46981135e-01,  1.35651290e-01,  1.00682239e-03,  1.17102290e-03,  2.09541598e-01, -1.71732024e-01,  8.42621892e-04, -2.03392415e-02, -3.30513709e-01,  6.78421390e-04,  1.53713362e-01,  6.78421390e-04,  6.78421390e-04,  1.72924840e-01,  1.17102290e-03,  8.42621892e-04,  3.31214393e-01,
 